360287970202433152
576460752315730182
648518346363371824
648518346358411190
216172782183346186
648518346352840250
576460752315733130
576460752315736572
576460752315735056
576460752315740451
504403158276684011
576460752315732418
360287970202136285
144115188086919884
288230376164505450
648518346352851818
648518346387197864
648518346386582161
72057594049994390
360287970202127814
144115188086922023
504403158276525039
360287970202126055
648518346352874450
360287970202134146
648518346352841547
648518346387688742
576460752315740590
648518346353052286
504403158276571708
72057594050491552
648518346353379638
648518346380058521
648518346352842270
216172782125158284
576460752315731937
144115188087484482
288230376163740508
648518346380160488
576460752318701999
648518346353381174
288230376164014403
216172782125114655
216172782127656285
432345564252528146
648518346353384573
648518346371591236
360287970202674599
648518346352852290
648518346358600981
648518346371855721
648518346353371961
360287970202114433
648518346359179064
576460752315727617
648518346358624620
288230376176612647
432345564240891325
648518346387713024
648518346380065084
648518346358340160
360287970235838310
648518346353079560
648518346353352584
648518346353353710
648518346387552385
648518346353084596
648518346358908068
576460752315740490
648518346359177283
576460752315731397
144115188106610701
648518346380499141
648518346358987734
288230376163741737
648518346380461900
648518346352840827
648518346358354162
648518346371248704
648518346352846114
648518346408366392
648518346363378222
648518346363113694
648518346363190153
432345564239814815
648518346408596457
648518346353061892
648518346352846999
648518346371240274
288230376185946243
648518346363093222
216172782142002621
648518346380329148
648518346352857488
648518346363111005
648518346380273704
504403158307029980
288230376194888734
648518346359163300
648518346359981883
648518346371313656
576460752315736951
360287970202116004
144115188127152257
648518346387357969
648518346387408008
576460752315740110
576460752315727536
576460752351476256
648518346371044672
648518346387203764
288230376163750627
648518346371051517
648518346386783599
576460752364429300
648518346353080251
432345564240633103
648518346371784967